1.627506e-07    4.938323e-12
1.665427e-07    4.715997e-12
1.704231e-07    4.503684e-12
1.743939e-07    4.300925e-12
1.784574e-07    4.107292e-12
1.826154e-07    3.922380e-12
1.868704e-07    3.745793e-12
1.912244e-07    3.577158e-12
1.956800e-07    3.416108e-12
2.002394e-07    3.262314e-12
2.049049e-07    3.115443e-12
2.096791e-07    2.975186e-12
2.145647e-07    2.841241e-12
2.195641e-07    2.713326e-12
2.246799e-07    2.591171e-12
2.299149e-07    2.474517e-12
2.352720e-07    2.363111e-12
2.407538e-07    2.256723e-12
2.463633e-07    2.155125e-12
2.521036e-07    2.058101e-12
2.579776e-07    1.965444e-12
2.639885e-07    1.876958e-12
2.701394e-07    1.792457e-12
2.764336e-07    1.711760e-12
2.828746e-07    1.634695e-12
2.894656e-07    1.561100e-12
2.962100e-07    1.490820e-12
3.031118e-07    1.423702e-12
3.101743e-07    1.359606e-12
3.174013e-07    1.298396e-12
3.247968e-07    1.239942e-12
3.323646e-07    1.184118e-12
3.401086e-07    1.130809e-12
3.480332e-07    1.079899e-12
3.561424e-07    1.031281e-12
3.644406e-07    9.848524e-13
3.729320e-07    9.405142e-13
3.816213e-07    8.981720e-13
3.905131e-07    8.577354e-13
3.996121e-07    8.191198e-13
4.089230e-07    7.822426e-13
4.184509e-07    7.470257e-13
4.282009e-07    7.133941e-13
4.381779e-07    6.812769e-13
4.483875e-07    6.506054e-13
4.588348e-07    6.213151e-13
4.695257e-07    5.933432e-13
4.804657e-07    5.666304e-13
4.916606e-07    5.411204e-13
5.031162e-07    5.167589e-13
5.148388e-07    4.934942e-13
5.268346e-07    4.712768e-13
5.391098e-07    4.500597e-13
5.516710e-07    4.297979e-13
5.645250e-07    4.104481e-13
5.776784e-07    3.919696e-13
5.911383e-07    3.743229e-13
6.049118e-07    3.574708e-13
6.190063e-07    3.413772e-13
6.334292e-07    3.260082e-13
6.481880e-07    3.113312e-13
6.632908e-07    2.973149e-13
6.787455e-07    2.839296e-13
6.945603e-07    2.711470e-13
7.107436e-07    2.589398e-13
7.273038e-07    2.472822e-13
7.442500e-07    2.361494e-13
7.615910e-07    2.255179e-13
7.793361e-07    2.153650e-13
7.974946e-07    2.056692e-13
8.160762e-07    1.964098e-13
8.350908e-07    1.875673e-13
8.545484e-07    1.791230e-13
8.744594e-07    1.710588e-13
8.948343e-07    1.633576e-13
9.156840e-07    1.560032e-13
9.370193e-07    1.489798e-13
9.588519e-07    1.422727e-13
9.811933e-07    1.358675e-13
1.004055e-06    1.297507e-13
1.027450e-06    1.239092e-13
1.051389e-06    1.183308e-13
1.075886e-06    1.130035e-13
1.100955e-06    1.079160e-13
1.126607e-06    1.030576e-13
1.152857e-06    9.841787e-14
1.179718e-06    9.398705e-14
1.207206e-06    8.975569e-14
1.235334e-06    8.571485e-14
1.264117e-06    8.185592e-14
1.293571e-06    7.817074e-14
1.323711e-06    7.465144e-14
1.354554e-06    7.129060e-14
1.386115e-06    6.808107e-14
1.418411e-06    6.501601e-14
1.451460e-06    6.208897e-14
1.485279e-06    5.929370e-14
1.519886e-06    5.662426e-14
1.555299e-06    5.407501e-14
1.591538e-06    5.164053e-14
1.628621e-06    4.931564e-14
1.666567e-06    4.709545e-14
1.705398e-06    4.497520e-14
1.745134e-06    4.295040e-14
1.785797e-06    4.101668e-14
1.827405e-06    3.917015e-14
1.869984e-06    3.740665e-14
1.913554e-06    3.572260e-14
1.958139e-06    3.411438e-14
2.003765e-06    3.257851e-14
2.050452e-06    3.111181e-14
2.098228e-06    2.971115e-14
2.147116e-06    2.837353e-14
2.197144e-06    2.709615e-14
2.248337e-06    2.587627e-14
2.300724e-06    2.471131e-14
2.354331e-06    2.359878e-14
2.409187e-06    2.253634e-14
2.465321e-06    2.152176e-14
2.522763e-06    2.055284e-14
2.581544e-06    1.962752e-14
2.641693e-06    1.874389e-14
2.703245e-06    1.790003e-14
2.766230e-06    1.709417e-14
2.830683e-06    1.632458e-14
2.896639e-06    1.558963e-14
2.964130e-06    1.488779e-14
3.033195e-06    1.421752e-14
3.103868e-06    1.357745e-14
3.176187e-06    1.296619e-14
3.250193e-06    1.238245e-14
3.325923e-06    1.182497e-14
3.403416e-06    1.129261e-14
3.482716e-06    1.078421e-14
3.563864e-06    1.029870e-14
3.646901e-06    9.835051e-15
3.731874e-06    9.392271e-15
3.818827e-06    8.969425e-15
3.907806e-06    8.565615e-15
3.998858e-06    8.179988e-15
4.092031e-06    7.811721e-15
4.187375e-06    7.460034e-15
4.284942e-06    7.124179e-15
4.384780e-06    6.803446e-15
4.486946e-06    6.497151e-15
4.591491e-06    6.204648e-15
4.698474e-06    5.925308e-15
4.807948e-06    5.658550e-15
4.919973e-06    5.403800e-15
5.034609e-06    5.160516e-15
5.151916e-06    4.928187e-15
5.271955e-06    4.706318e-15
5.394791e-06    4.494437e-15
5.520489e-06    4.292096e-15
5.649117e-06    4.098864e-15
5.780741e-06    3.914332e-15
5.915433e-06    3.738106e-15
6.053262e-06    3.569814e-15
6.194303e-06    3.409099e-15
6.338630e-06    3.255620e-15
6.486321e-06    3.109050e-15
6.637452e-06    2.969080e-15
6.792105e-06    2.835410e-15
6.950361e-06    2.707758e-15
7.112304e-06    2.585854e-15
7.278021e-06    2.469438e-15
7.447599e-06    2.358262e-15
7.621128e-06    2.252092e-15
7.798700e-06    2.150702e-15
7.980410e-06    2.053876e-15
8.166353e-06    1.961410e-15
8.356629e-06    1.873106e-15
8.551338e-06    1.788778e-15
8.750585e-06    1.708246e-15
8.954474e-06    1.631340e-15
9.163112e-06    1.557896e-15
9.376613e-06    1.487759e-15
9.595088e-06    1.420780e-15
9.818654e-06    1.356815e-15
1.004743e-05    1.295731e-15
1.028153e-05    1.237396e-15
1.052109e-05    1.181688e-15
1.076623e-05    1.128488e-15
1.101709e-05    1.077683e-15
1.127379e-05    1.029165e-15
1.153647e-05    9.828315e-16
1.180527e-05    9.385838e-16
1.208033e-05    8.963285e-16
1.236180e-05    8.559751e-16
1.264983e-05    8.174387e-16
1.294457e-05    7.806373e-16
1.324618e-05    7.454927e-16
1.355481e-05    7.119302e-16
1.387064e-05    6.798786e-16
1.419383e-05    6.492702e-16
1.452454e-05    6.200397e-16
1.486297e-05    5.921252e-16
1.520927e-05    5.654674e-16
1.556365e-05    5.400098e-16
1.592629e-05    5.157909e-16
1.629737e-05    4.922277e-16
1.667709e-05    4.705260e-16
1.706567e-05    4.492374e-16
1.746330e-05    4.290311e-16
1.787020e-05    4.095970e-16
1.828656e-05    3.911766e-16
1.871264e-05    3.737095e-16
1.914865e-05    3.566627e-16
1.959482e-05    3.406319e-16
2.005137e-05    3.254540e-16
2.051857e-05    3.107116e-16
2.099665e-05    2.967134e-16
2.148588e-05    2.833611e-16
2.198650e-05    2.705506e-16
2.249879e-05    2.584314e-16
2.302300e-05    2.467524e-16
2.355944e-05    2.356503e-16
2.410838e-05    2.250218e-16
2.467010e-05    2.149297e-16
2.524492e-05    2.052186e-16
2.583311e-05    1.960108e-16
2.643503e-05    1.871847e-16
2.705097e-05    1.787254e-16
2.768126e-05    1.707065e-16
2.832624e-05    1.630124e-16
2.898622e-05    1.556790e-16
2.966161e-05    1.486678e-16
3.035272e-05    1.419719e-16
3.105995e-05    1.355896e-16
3.178363e-05    1.294875e-16
3.252419e-05    1.236564e-16
3.328201e-05    1.180871e-16
3.405748e-05    1.127703e-16
3.485102e-05    1.076941e-16
3.566305e-05    1.028457e-16
3.649400e-05    9.821727e-17
3.734432e-05    9.379558e-17
3.821443e-05    8.957391e-17
3.910483e-05    8.554095e-17
4.001597e-05    8.168934e-17
4.094834e-05    7.800954e-17
4.190245e-05    7.449817e-17
4.287877e-05    7.114530e-17
4.387785e-05    6.794124e-17
4.490020e-05    6.488234e-17
4.594637e-05    6.196156e-17
4.701691e-05    5.917200e-17
4.811242e-05    5.650739e-17
4.923343e-05    5.396421e-17
5.038057e-05    5.153424e-17
5.155445e-05    4.921442e-17
5.275567e-05    4.699848e-17
5.398486e-05    4.488254e-17
5.524271e-05    4.286219e-17
5.652986e-05    4.093224e-17
5.784701e-05    3.908974e-17
5.919485e-05    3.732991e-17
6.057409e-05    3.564912e-17
6.198547e-05    3.404425e-17
6.342972e-05    3.251162e-17
6.490765e-05    3.104795e-17
6.641999e-05    2.965013e-17
6.796757e-05    2.831525e-17
6.955121e-05    2.704045e-17
7.117177e-05    2.582312e-17
7.283007e-05    2.466051e-17
7.452701e-05    2.355028e-17
7.626348e-05    2.249007e-17
7.804042e-05    2.147753e-17
7.985877e-05    2.051062e-17
8.171948e-05    1.958720e-17
8.362353e-05    1.870541e-17
8.557196e-05    1.786324e-17
8.756579e-05    1.705905e-17
8.960608e-05    1.629103e-17
9.169390e-05    1.555759e-17
9.383036e-05    1.485719e-17
9.601661e-05    1.418831e-17
9.825380e-05    1.354954e-17
1.005431e-04    1.293953e-17
1.028858e-04    1.235698e-17
1.052830e-04    1.180067e-17
1.077361e-04    1.126940e-17
1.102464e-04    1.076204e-17
1.128151e-04    1.027752e-17
1.154437e-04    9.814823e-18
1.181335e-04    9.372952e-18
1.208860e-04    8.950975e-18
1.237027e-04    8.547998e-18
1.265849e-04    8.163160e-18
1.295344e-04    7.795647e-18
1.325525e-04    7.444684e-18
1.356410e-04    7.109519e-18
1.388014e-04    6.789444e-18
1.420355e-04    6.483778e-18
1.453449e-04    6.191874e-18
1.487315e-04    5.913110e-18
1.521969e-04    5.646898e-18
1.557431e-04    5.392670e-18
1.593720e-04    5.149884e-18
1.630852e-04    4.918041e-18
1.668851e-04    4.696626e-18
1.707736e-04    4.485177e-18
1.747526e-04    4.283252e-18
1.788243e-04    4.090418e-18
1.829909e-04    3.906262e-18
1.872546e-04    3.730399e-18
1.916177e-04    3.562452e-18
1.960824e-04    3.402067e-18
2.006511e-04    3.248903e-18
2.053263e-04    3.102636e-18
2.101103e-04    2.962953e-18
2.150059e-04    2.829559e-18
2.200156e-04    2.702167e-18
2.251420e-04    2.580513e-18
2.303877e-04    2.464337e-18
2.357558e-04    2.353389e-18
2.412489e-04    2.247438e-18
2.468700e-04    2.146256e-18
2.526221e-04    2.049630e-18
2.585081e-04    1.957354e-18
2.645315e-04    1.869231e-18
2.706950e-04    1.785078e-18
2.770022e-04    1.704712e-18
2.834564e-04    1.627963e-18
2.900609e-04    1.554672e-18
2.968193e-04    1.484679e-18
3.037352e-04    1.417837e-18
3.108123e-04    1.354005e-18
3.180542e-04    1.293047e-18
3.254647e-04    1.234834e-18
3.330482e-04    1.179240e-18
3.408081e-04    1.126151e-18
3.487489e-04    1.075451e-18
3.568748e-04    1.027033e-18
3.651900e-04    9.807961e-19
3.736989e-04    9.366406e-19
3.824061e-04    8.944728e-19
3.913161e-04    8.542039e-19
4.004339e-04    8.157476e-19
4.097639e-04    7.790233e-19
4.193115e-04    7.439517e-19
4.290813e-04    7.104602e-19
4.390791e-04    6.784757e-19
4.493096e-04    6.479317e-19
4.597784e-04    6.187632e-19
4.704914e-04    5.909075e-19
4.814537e-04    5.643066e-19
4.926716e-04    5.389031e-19
5.041508e-04    5.146436e-19
5.158976e-04    4.914765e-19
5.279180e-04    4.693524e-19
5.402185e-04    4.482246e-19
5.528055e-04    4.280485e-19
5.656859e-04    4.087807e-19
5.788664e-04    3.903805e-19
5.923541e-04    3.728090e-19
6.061558e-04    3.560290e-19
6.202793e-04    3.400046e-19
6.347319e-04    3.247019e-19
6.495210e-04    3.100886e-19
6.646549e-04    2.961333e-19
6.801414e-04    2.828067e-19
6.959886e-04    2.700805e-19
7.122052e-04    2.579275e-19
7.287996e-04    2.463220e-19
7.457807e-04    2.352394e-19
7.631573e-04    2.246563e-19
7.809388e-04    2.145500e-19
7.991348e-04    2.048990e-19
8.177546e-04    1.956831e-19
8.368082e-04    1.868827e-19
8.563058e-04    1.784789e-19
8.762579e-04    1.704540e-19
8.966746e-04    1.627911e-19
9.175672e-04    1.554736e-19
9.389465e-04    1.484863e-19
9.608239e-04    1.418142e-19
9.832111e-04    1.354432e-19
1.006120e-03    1.293597e-19
1.029562e-03    1.235509e-19
1.053551e-03    1.180044e-19
1.078099e-03    1.127084e-19
1.103219e-03    1.076517e-19
1.128924e-03    1.028236e-19
1.155228e-03    9.821387e-20
1.182145e-03    9.381263e-20
1.209689e-03    8.961058e-20
1.237874e-03    8.559881e-20
1.266717e-03    8.176881e-20
1.296231e-03    7.811244e-20
1.326433e-03    7.462194e-20
1.357339e-03    7.128990e-20
1.388965e-03    6.810924e-20
1.421328e-03    6.507323e-20
1.454445e-03    6.217541e-20
1.488334e-03    5.940963e-20
1.523012e-03    5.677002e-20
1.558498e-03    5.425096e-20
1.594811e-03    5.184712e-20
1.631970e-03    4.955338e-20
1.669995e-03    4.736492e-20
1.708907e-03    4.527695e-20
1.748723e-03    4.328523e-20
1.789469e-03    4.138536e-20
1.831163e-03    3.957345e-20
1.873830e-03    3.784547e-20
1.917489e-03    3.619791e-20
1.962166e-03    3.462716e-20
2.007885e-03    3.312988e-20
2.054670e-03    3.170290e-20
2.102543e-03    3.034323e-20
2.151533e-03    2.904785e-20
2.201662e-03    2.781412e-20
2.252962e-03    2.663927e-20
2.305455e-03    2.552088e-20
2.359173e-03    2.445648e-20
2.414142e-03    2.344380e-20
2.470391e-03    2.248066e-20
2.527951e-03    2.156496e-20
2.586853e-03    2.069468e-20
2.647126e-03    1.986796e-20
2.708804e-03    1.908296e-20
2.771919e-03    1.833793e-20
2.836506e-03    1.763121e-20
2.902595e-03    1.696123e-20
2.970226e-03    1.632644e-20
3.039433e-03    1.572538e-20
3.110251e-03    1.515666e-20
3.182719e-03    1.461892e-20
3.256877e-03    1.411088e-20
3.332762e-03    1.363128e-20
3.410416e-03    1.317893e-20
3.489880e-03    1.275265e-20
3.571193e-03    1.235136e-20
3.654402e-03    1.197394e-20
3.739550e-03    1.161936e-20
3.826681e-03    1.128659e-20
3.915843e-03    1.097465e-20
4.007082e-03    1.068257e-20
4.100446e-03    1.040944e-20
4.195988e-03    1.015433e-20
4.293754e-03    9.916376e-21
4.393798e-03    9.694715e-21
4.496174e-03    9.488514e-21
4.600935e-03    9.296968e-21
4.708136e-03    9.119298e-21
4.817836e-03    8.954743e-21
4.930091e-03    8.802575e-21
5.044963e-03    8.662086e-21
5.162510e-03    8.532599e-21
5.282797e-03    8.413461e-21
5.405886e-03    8.304049e-21
5.531844e-03    8.203766e-21
5.660735e-03    8.112042e-21
5.792629e-03    8.028337e-21
5.927598e-03    7.952138e-21
6.065711e-03    7.882960e-21
6.207043e-03    7.820348e-21
6.351667e-03    7.763872e-21
6.499660e-03    7.713130e-21
6.651102e-03    7.667745e-21
6.806073e-03    7.627370e-21
6.964655e-03    7.591676e-21
7.126931e-03    7.560365e-21
7.292988e-03    7.533158e-21
7.462915e-03    7.509801e-21
7.636800e-03    7.490059e-21
7.814738e-03    7.473718e-21
7.996822e-03    7.460587e-21
8.183148e-03    7.450489e-21
8.373816e-03    7.443267e-21
8.568926e-03    7.438782e-21
8.768581e-03    7.436909e-21
8.972888e-03    7.437539e-21
9.181958e-03    7.440578e-21
9.395897e-03    7.445947e-21
9.614822e-03    7.453579e-21
9.838846e-03    7.463418e-21
1.006809e-02    7.475425e-21
1.030268e-02    7.489568e-21
1.054273e-02    7.505831e-21
1.078838e-02    7.524205e-21
1.103975e-02    7.544696e-21
1.129697e-02    7.567317e-21
1.156019e-02    7.592094e-21
1.182954e-02    7.619063e-21
1.210517e-02    7.648270e-21
1.238722e-02    7.679774e-21
1.267585e-02    7.713644e-21
1.297119e-02    7.749958e-21
1.327342e-02    7.788809e-21
1.358269e-02    7.830299e-21
1.389917e-02    7.874546e-21
1.422302e-02    7.921678e-21
1.455441e-02    7.971839e-21
1.489353e-02    8.025187e-21
1.524055e-02    8.081896e-21
1.559566e-02    8.142159e-21
1.595904e-02    8.206184e-21
1.633088e-02    8.274201e-21
1.671140e-02    8.346461e-21
1.710077e-02    8.423239e-21
1.749921e-02    8.504835e-21
1.790694e-02    8.591579e-21
1.832418e-02    8.683831e-21
1.875113e-02    8.781983e-21
1.918803e-02    8.886469e-21
1.963512e-02    8.997763e-21
2.009261e-02    9.116385e-21
2.056078e-02    9.242908e-21
2.103983e-02    9.377961e-21
2.153006e-02    9.522243e-21
2.203172e-02    9.676517e-21
2.254505e-02    9.841633e-21
2.307036e-02    1.001853e-20
2.360788e-02    1.020826e-20
2.415796e-02    1.041196e-20
2.472083e-02    1.063094e-20
2.529683e-02    1.086663e-20
2.588625e-02    1.112062e-20
2.648940e-02    1.139471e-20
2.710660e-02    1.169088e-20
2.773818e-02    1.201137e-20
2.838448e-02    1.235868e-20
2.904585e-02    1.273558e-20
2.972262e-02    1.314519e-20
3.041515e-02    1.359094e-20
3.112382e-02    1.407666e-20
3.184900e-02    1.460653e-20
3.259109e-02    1.518510e-20
3.335046e-02    1.581721e-20
3.412752e-02    1.650792e-20
3.492270e-02    1.726224e-20
3.573639e-02    1.808484e-20
3.656905e-02    1.897946e-20
3.742112e-02    1.994802e-20
3.829302e-02    2.098942e-20
3.918524e-02    2.209772e-20
4.009827e-02    2.325990e-20
4.103255e-02    2.445320e-20
4.198862e-02    2.564261e-20
4.296695e-02    2.677952e-20
4.396807e-02    2.780302e-20
4.499254e-02    2.864554e-20
4.604086e-02    2.924323e-20
4.711361e-02    2.954931e-20
4.821136e-02    2.954572e-20
4.933469e-02    2.924800e-20
5.048419e-02    2.870101e-20
5.166047e-02    2.796773e-20
5.286415e-02    2.711615e-20
5.409589e-02    2.620890e-20
5.535632e-02    2.529739e-20
5.664613e-02    2.442030e-20
5.796597e-02    2.360461e-20
5.931658e-02    2.286800e-20
6.069867e-02    2.222134e-20
6.211294e-02    2.167101e-20
6.356017e-02    2.122070e-20
6.504113e-02    2.087279e-20
6.655659e-02    2.062936e-20
6.810736e-02    2.049296e-20
6.969426e-02    2.046721e-20
7.131814e-02    2.055722e-20
7.297984e-02    2.077007e-20
7.468027e-02    2.111513e-20
7.642033e-02    2.160437e-20
7.820092e-02    2.225263e-20
8.002300e-02    2.307746e-20
8.188754e-02    2.409861e-20
8.379551e-02    2.533622e-20
8.574796e-02    2.680709e-20
8.774588e-02    2.851721e-20
8.979035e-02    3.044895e-20
9.188248e-02    3.254161e-20
9.402333e-02    3.466873e-20
9.621408e-02    3.662589e-20
9.845586e-02    3.815523e-20
1.007499e-01    3.902570e-20
1.030974e-01    3.914038e-20
1.054995e-01    3.859045e-20
1.079577e-01    3.760791e-20
1.104731e-01    3.646340e-20
1.130471e-01    3.538755e-20
1.156811e-01    3.454525e-20
1.183765e-01    3.404635e-20
1.211346e-01    3.396824e-20
1.239571e-01    3.437720e-20
1.268453e-01    3.534438e-20
1.298008e-01    3.695544e-20
1.328251e-01    3.931058e-20
1.359200e-01    4.250389e-20
1.390869e-01    4.655404e-20
1.423276e-01    5.124191e-20
1.456438e-01    5.585571e-20
1.490374e-01    5.911378e-20
1.525099e-01    5.983357e-20
1.560634e-01    5.804375e-20
1.596996e-01    5.496366e-20
1.633895e-01    5.193576e-20
1.671646e-01    4.972378e-20
1.710270e-01    4.869579e-20
1.749786e-01    4.904234e-20
1.790213e-01    5.093548e-20
1.831576e-01    5.457947e-20
1.873895e-01    6.011017e-20
1.917192e-01    6.716224e-20
1.961487e-01    7.396190e-20
2.006807e-01    7.715916e-20
2.053175e-01    7.498096e-20
2.100613e-01    6.979180e-20
2.149147e-01    6.494357e-20
2.198803e-01    6.220896e-20
2.249607e-01    6.225079e-20
2.301584e-01    6.549050e-20
2.354761e-01    7.240396e-20
2.409168e-01    8.289778e-20
2.464831e-01    9.376973e-20
2.521782e-01    9.716682e-20
2.580046e-01    9.074515e-20
2.639659e-01    8.215503e-20
2.700648e-01    7.711334e-20
2.763046e-01    7.732285e-20
2.826885e-01    8.353858e-20
2.892200e-01    9.615973e-20
2.959024e-01    1.110967e-19
3.027393e-01    1.145077e-19
3.097339e-01    1.035482e-19
3.168903e-01    9.284924e-20
3.211734e-01    8.997780e-20
3.255142e-01    9.017210e-20
3.299137e-01    9.368714e-20
3.343725e-01    1.008118e-19
3.388918e-01    1.115113e-19
3.434721e-01    1.241761e-19
3.481143e-01    1.338179e-19
3.528192e-01    1.342795e-19
3.575878e-01    1.260710e-19
3.624207e-01    1.156643e-19
3.673190e-01    1.078715e-19
3.722836e-01    1.044315e-19
3.773151e-01    1.058577e-19
3.824147e-01    1.125398e-19
3.875832e-01    1.246680e-19
3.928217e-01    1.404404e-19
3.981309e-01    1.524749e-19
4.035117e-01    1.511130e-19
4.089655e-01    1.388161e-19
4.144928e-01    1.260925e-19
4.200948e-01    1.186757e-19
4.257727e-01    1.180702e-19
4.315271e-01    1.248749e-19
4.373595e-01    1.395407e-19
4.432707e-01    1.596216e-19
4.492617e-01    1.731731e-19
4.553336e-01    1.668162e-19
4.614877e-01    1.495979e-19
4.677249e-01    1.363326e-19
4.740465e-01    1.321236e-19
4.785923e-01    1.352528e-19
4.831817e-01    1.438018e-19
4.878152e-01    1.577407e-19
4.924930e-01    1.751038e-19
4.972157e-01    1.892659e-19
5.019837e-01    1.909643e-19
5.067975e-01    1.795615e-19
5.116574e-01    1.640921e-19
5.165638e-01    1.519448e-19
5.215174e-01    1.458249e-19
5.265184e-01    1.463988e-19
5.315675e-01    1.540633e-19
5.366648e-01    1.690943e-19
5.418112e-01    1.897890e-19
5.470067e-01    2.079975e-19
5.522522e-01    2.102562e-19
5.575481e-01    1.955239e-19
5.628945e-01    1.770522e-19
5.682923e-01    1.642478e-19
5.737420e-01    1.598681e-19
5.792438e-01    1.645484e-19
5.847985e-01    1.787750e-19
5.904063e-01    2.015458e-19
5.960679e-01    2.244202e-19
6.017838e-01    2.291767e-19
6.075546e-01    2.118198e-19
6.133808e-01    1.900535e-19
6.192627e-01    1.761995e-19
6.252010e-01    1.733635e-19
6.311963e-01    1.822878e-19
6.358912e-01    1.976793e-19
6.406210e-01    2.192560e-19
6.453861e-01    2.408745e-19
6.501866e-01    2.501212e-19
6.550227e-01    2.401721e-19
6.598948e-01    2.200403e-19
6.648033e-01    2.016665e-19
6.697482e-01    1.904736e-19
6.747298e-01    1.877994e-19
6.797484e-01    1.940387e-19
6.848046e-01    2.095478e-19
6.898982e-01    2.333126e-19
6.950298e-01    2.583738e-19
7.001995e-01    2.688320e-19
7.054076e-01    2.558716e-19
7.106545e-01    2.320955e-19
7.159405e-01    2.122343e-19
7.212656e-01    2.019310e-19
7.266305e-01    2.023313e-19
7.320354e-01    2.139268e-19
7.374803e-01    2.368186e-19
7.429657e-01    2.667482e-19
7.484920e-01    2.874112e-19
7.540594e-01    2.801981e-19
7.596681e-01    2.540195e-19
7.653187e-01    2.298511e-19
7.710112e-01    2.169612e-19
7.767460e-01    2.171772e-19
7.825237e-01    2.310925e-19
7.883441e-01    2.584911e-19
7.931351e-01    2.862139e-19
7.979553e-01    3.055277e-19
8.028049e-01    3.023050e-19
8.076838e-01    2.801689e-19
8.125924e-01    2.550025e-19
8.175309e-01    2.368965e-19
8.224993e-01    2.288718e-19
8.274979e-01    2.315190e-19
8.325270e-01    2.452459e-19
8.375866e-01    2.699318e-19
8.426770e-01    3.012805e-19
8.477982e-01    3.244723e-19
8.529506e-01    3.211889e-19
8.581342e-01    2.956700e-19
8.633495e-01    2.678457e-19
8.685963e-01    2.493404e-19
8.738752e-01    2.431564e-19
8.791860e-01    2.498656e-19
8.845293e-01    2.698961e-19
8.899049e-01    3.017309e-19
8.953132e-01    3.346595e-19
9.007543e-01    3.448891e-19
9.062286e-01    3.230832e-19
9.117360e-01    2.905956e-19
9.172770e-01    2.664655e-19
9.228516e-01    2.564865e-19
9.284602e-01    2.616087e-19
9.341028e-01    2.823816e-19
9.397797e-01    3.174000e-19
9.454910e-01    3.541561e-19
9.503494e-01    3.648587e-19
9.552325e-01    3.473956e-19
9.601410e-01    3.168267e-19
9.650745e-01    2.901893e-19
9.700334e-01    2.745106e-19
9.750177e-01    2.712999e-19
9.800278e-01    2.809439e-19
9.850635e-01    3.037392e-19
9.901251e-01    3.376755e-19
9.952127e-01    3.718142e-19
1.000327e+00    3.836270e-19
1.005467e+00    3.630980e-19
1.010633e+00    3.289563e-19
1.015826e+00    3.008615e-19
1.021046e+00    2.860193e-19
1.026292e+00    2.857481e-19
1.031566e+00    3.005026e-19
1.036866e+00    3.303049e-19
1.042194e+00    3.701523e-19
1.047549e+00    4.005352e-19
1.052932e+00    3.957550e-19
1.058342e+00    3.619003e-19
1.063780e+00    3.265189e-19
1.069246e+00    3.044234e-19
1.074740e+00    2.989366e-19
1.080263e+00    3.106499e-19
1.085814e+00    3.398600e-19
1.091393e+00    3.824012e-19
1.097001e+00    4.179461e-19
1.102638e+00    4.150632e-19
1.107546e+00    3.837612e-19
1.112475e+00    3.486413e-19
1.117427e+00    3.235118e-19
1.122401e+00    3.123240e-19
1.127396e+00    3.157298e-19
1.132415e+00    3.341376e-19
1.137455e+00    3.671866e-19
1.142518e+00    4.088183e-19
1.147603e+00    4.390815e-19
1.152711e+00    4.339722e-19
1.157842e+00    3.993746e-19
1.162996e+00    3.615777e-19
1.168172e+00    3.359591e-19
1.173372e+00    3.264684e-19
1.178595e+00    3.337229e-19
1.183841e+00    3.581476e-19
1.189110e+00    3.981624e-19
1.194403e+00    4.419667e-19
1.199719e+00    4.607321e-19
1.205059e+00    4.372988e-19
1.210423e+00    3.946392e-19
1.215810e+00    3.595059e-19
1.221222e+00    3.415386e-19
1.226658e+00    3.423298e-19
1.232118e+00    3.623898e-19
1.237602e+00    4.012921e-19
1.243111e+00    4.501995e-19
1.248644e+00    4.797711e-19
1.254202e+00    4.621264e-19
1.259784e+00    4.167865e-19
1.264730e+00    3.809719e-19
1.269696e+00    3.595519e-19
1.274680e+00    3.544998e-19
1.279685e+00    3.662079e-19
1.284709e+00    3.949650e-19
1.289753e+00    4.382456e-19
1.294817e+00    4.824302e-19
1.299900e+00    4.988835e-19
1.305004e+00    4.734735e-19
1.310127e+00    4.291685e-19
1.315271e+00    3.917258e-19
1.320435e+00    3.709496e-19
1.325619e+00    3.686092e-19
1.330824e+00    3.851383e-19
1.336049e+00    4.206166e-19
1.341294e+00    4.699709e-19
1.346560e+00    5.117307e-19
1.351847e+00    5.127646e-19
1.357154e+00    4.732477e-19
1.362483e+00    4.264836e-19
1.367832e+00    3.941911e-19
1.373202e+00    3.820150e-19
1.378594e+00    3.907301e-19
1.384006e+00    4.207812e-19
1.389440e+00    4.697082e-19
1.394895e+00    5.207355e-19
1.400371e+00    5.362958e-19
1.405869e+00    5.014951e-19
1.411389e+00    4.500630e-19
1.416930e+00    4.118160e-19
1.421907e+00    3.961768e-19
1.426900e+00    3.990352e-19
1.431912e+00    4.207954e-19
1.436940e+00    4.610520e-19
1.441987e+00    5.128331e-19
1.447051e+00    5.523460e-19
1.452133e+00    5.488001e-19
1.457233e+00    5.065890e-19
1.462351e+00    4.582460e-19
1.467487e+00    4.242331e-19
1.472641e+00    4.100651e-19
1.477813e+00    4.165049e-19
1.483003e+00    4.439859e-19
1.488211e+00    4.911301e-19
1.493438e+00    5.459790e-19
1.498683e+00    5.758232e-19
1.503946e+00    5.540541e-19
1.509228e+00    5.023027e-19
1.514528e+00    4.554894e-19
1.519847e+00    4.284125e-19
1.525185e+00    4.238232e-19
1.530542e+00    4.422108e-19
1.535917e+00    4.836393e-19
1.541311e+00    5.417348e-19
1.546724e+00    5.892481e-19
1.552156e+00    5.859849e-19
1.557608e+00    5.365862e-19
1.563078e+00    4.825929e-19
1.568567e+00    4.477971e-19
1.574076e+00    4.375498e-19
1.579077e+00    4.500042e-19
1.584094e+00    4.834306e-19
1.589127e+00    5.352113e-19
1.594175e+00    5.902249e-19
1.599240e+00    6.143687e-19
1.604320e+00    5.868495e-19
1.609418e+00    5.327997e-19
1.614531e+00    4.850241e-19
1.619660e+00    4.569890e-19
1.624805e+00    4.512411e-19
1.629968e+00    4.682109e-19
1.635146e+00    5.080918e-19
1.640341e+00    5.661913e-19
1.645553e+00    6.202965e-19
1.650780e+00    6.304168e-19
1.656026e+00    5.878843e-19
1.661287e+00    5.299448e-19
1.666564e+00    4.864637e-19
1.671859e+00    4.664220e-19
1.677171e+00    4.710460e-19
1.682499e+00    5.008057e-19
1.687844e+00    5.543368e-19
1.693206e+00    6.180080e-19
1.698586e+00    6.526439e-19
1.703983e+00    6.260551e-19
1.709395e+00    5.653682e-19
1.714826e+00    5.121819e-19
1.720275e+00    4.830084e-19
1.725740e+00    4.805948e-19
1.731222e+00    5.054618e-19
